encrypt key:
[[915, 161, 156, 156], [533, 168, 150, 150], [1658, 310, 151, 151], [1263, 283, 157, 157], [140, 127, 164, 164]]

[0.346304, 3.771812, 234, Decimal('0.9668944'), Decimal('0.7694801')]
[0.424125, 3.652476, 96, Decimal('0.9840052'), Decimal('0.6866557')]
[0.718144, 3.934124, 19, Decimal('0.9356904'), Decimal('0.1962598')]
[0.808238, 3.983633, 115, Decimal('0.9028001'), Decimal('0.408559')]
[0.319954, 3.775396, 84, Decimal('0.9898298'), Decimal('0.0534871')]

decrypt key

[[915, 161, 156, 156], [533, 168, 150, 150], [1658, 310, 151, 151], [1263, 283, 157, 157], [140, 127, 164, 164]]


0.346304 3.771812 234 0.9668944 0.7694801

0.424125 3.652476 96 0.9840052 0.6866557

0.718144 3.934124 19 0.9356904 0.1962598

0.808238 3.983633 115 0.9028001 0.408559

0.319954 3.775396 84 0.9898298 0.0534871

original encrypt:

16119285 16382457 16579836 16579836 16382459 16250873 15724527 16250871 16776702 16645116 16184049

16711679 16711422 16514043 16776702 16777213 16381428 15591652 13551553 13551036 14010559 14536642

2828068 4932933 3945522 5589058 7496791 12562589 14075824 15062719 14141357 14534829 14862509

16580095 15922419 16250612 16776954 16643307 14734534 13746863 14009263 12033161 11440765 11638401

16711422 16711422 16711422 16711422 16776956 16776954 15459033 12496545 9863536 9467232 10518892

14932683 13748409 12300963 12300963 12958893 13485235 14142650 14274232 14141617 13812392 13614754


original after decryption:

14960340 7038132 15964962 8729297 4856755 10046196 10408694 10556177 8993766 10073442 8909000

15438019 2328052 12131274 8357485 13120542 12669652 7630794 8014069 9026672 7593421 7982155

9310175 11949254 14063765 10074658 16171358 10285648 13107391 13368691 4503088 11215932 7593830

15062338 7133417 645804 13997342 5597366 9684777 8782253 8086628 11300495 3583259 7468596

4677883 1442644 16763427 5354577 12374351 16652244 13061170 13703201 7354849 10931721 4088741

14932683 13748409 12300963 12300963 12958893 13485235 14142650 14274232 14141617 13812392 13614754
//keys recieved is correct;